[122, 2]
[4, 61]
[61, 4]
Testing row size: 122, col size: 2
Math.pow((s - 1), 2): 1.0
Result: true
Possible dimensions: [[122, 2]]
Finding optimal dimensions for:
[122, 2]

Chosen Dimensions: [6, 3]
Constructing matrix:
Max dimension: 6
   846      136      249   
   612      319     -511   
   889     -353     -641   
   113      43       864   
   795     -435      966   
  -467      803      -46   
Step 1: Sorting columns:
  -467     -435     -641   
   113     -353     -511   
   612      43       -46   
   795      136      249   
   846      319      864   
   889      803      966   
Step 2: Transpose and Reshape
  -467      113      612   
   795      846      889   
  -435     -353      43    
   136      319      803   
  -641     -511      -46   
   249      864      966   
Step 3: Sorting columns:
  -641     -511      -46   
  -467     -353      43    
  -435      113      612   
   136      319      803   
   249      846      889   
   795      864      966   
Step 4: Reshape and Transpose
  -641     -435      249   
  -511      113      846   
   -46      612      889   
  -467      136      795   
  -353      319      864   
   43       803      966   
Step 5: Sorting columns:
  -641     -435      249   
  -511      113      795   
  -467      136      846   
  -353      319      864   
   -46      612      889   
   43       803      966   
Step 6: Shift down by r/2
 -∞    -353      319      864   
 -∞     -46      612      889   
 -∞     43       803      966   
  -641     -435      249     ∞  
  -511      113      795     ∞  
  -467      136      846     ∞  
Step 7: Sorting columns:
 -∞    -435      249      864   
 -∞    -353      319      889   
 -∞     -46      612      966   
  -641      43       795     ∞  
  -511      113      803     ∞  
  -467      136      846     ∞  
Step 8: Shift up by r/2
i: 3
i: 2
i: 1
  -641      43       795   
  -511      113      803   
  -467      136      846   
  -435      249      864   
  -353      319      889   
   -46      612      966   
Elapsed time = 0.02309234 seconds.
-641
-511
-467
-435
-353
-46
43
113
136
249
319
612
795
803
846
864
889
966
